0.000000000000000000e+00 0.000000000000000000e+00 0.000000000000000000e+00 0.000000000000000000e+00 0.000000000000000000e+00 0.000000000000000000e+00 0.000000000000000000e+00 0.000000000000000000e+00 0.000000000000000000e+00 0.000000000000000000e+00 0.000000000000000000e+00
1.453273057937622070e+00 4.214751720428466797e-01 3.363888263702392578e-01 2.574200630187988281e-01 3.005251884460449219e-01 3.072278499603271484e-01 2.816953659057617188e-01 2.131447792053222656e-01 2.812631130218505859e-01 2.578678131103515625e-01 3.117787837982177734e-01
1.701408982276916504e+00 1.638300180435180664e+00 1.602102160453796387e+00 1.501882910728454590e+00 1.559852123260498047e+00 1.469962596893310547e+00 1.423354029655456543e+00 1.477570772171020508e+00 1.375537633895874023e+00 1.430275082588195801e+00 1.387606263160705566e+00
5.185559272766113281e+00 5.181157112121582031e+00 5.163315773010253906e+00 5.300657749176025391e+00 5.277894020080566406e+00 5.277894020080566406e+00 5.277894020080566406e+00 5.228958129882812500e+00 5.228958129882812500e+00 5.228958129882812500e+00 5.217382431030273438e+00
1.841759800910949707e+00 3.144129753112792969e+00 2.850608348846435547e+00 3.172212123870849609e+00 2.722152709960937500e+00 3.044956207275390625e+00 2.987653732299804688e+00 3.098126411437988281e+00 2.734591484069824219e+00 2.870434761047363281e+00 3.018419742584228516e+00
3.598673820495605469e+00 2.288197755813598633e+00 1.572064399719238281e+00 1.115583419799804688e+00 8.142106533050537109e-01 6.411817073822021484e-01 5.020790100097656250e-01 4.806830883026123047e-01 3.982880115509033203e-01 3.430023193359375000e-01 2.392899990081787109e-01
2.367928028106689453e+00 1.258723258972167969e+00 1.019642353057861328e+00 1.581242084503173828e+00 9.412064552307128906e-01 9.740161895751953125e-02 3.917644023895263672e-01 4.953255653381347656e-01 8.599452972412109375e-01 3.812961578369140625e-01 8.337225914001464844e-01
2.898323059082031250e+00 2.910311698913574219e+00 2.949666976928710938e+00 2.928977012634277344e+00 2.896722793579101562e+00 2.853780746459960938e+00 2.864758491516113281e+00 2.886415481567382812e+00 2.843289375305175781e+00 2.822537899017333984e+00 2.828550815582275391e+00
3.689841747283935547e+00 3.709088802337646484e+00 3.668683052062988281e+00 3.666810989379882812e+00 3.683218955993652344e+00 3.672620773315429688e+00 3.652558326721191406e+00 3.681443214416503906e+00 3.633909225463867188e+00 3.646153450012207031e+00 3.659115791320800781e+00
2.197829246520996094e+00 2.202389240264892578e+00 2.250892877578735352e+00 2.282045364379882812e+00 2.337555170059204102e+00 2.365721225738525391e+00 2.348505020141601562e+00 2.348055839538574219e+00 2.353455543518066406e+00 2.388706207275390625e+00 2.373094320297241211e+00
