0.000000000000000000e+00 0.000000000000000000e+00 0.000000000000000000e+00 0.000000000000000000e+00 0.000000000000000000e+00 0.000000000000000000e+00 0.000000000000000000e+00 0.000000000000000000e+00 0.000000000000000000e+00 0.000000000000000000e+00 0.000000000000000000e+00
6.715534687042236328e+00 4.711259365081787109e+00 4.402182579040527344e+00 3.995488643646240234e+00 4.219475746154785156e+00 4.152118206024169922e+00 4.132280349731445312e+00 3.785492420196533203e+00 4.054463386535644531e+00 3.936633110046386719e+00 4.340378284454345703e+00
1.214347267150878906e+01 1.244299983978271484e+01 1.220931243896484375e+01 1.202786922454833984e+01 1.245726108551025391e+01 1.216031074523925781e+01 1.224507236480712891e+01 1.239974975585937500e+01 1.182174968719482422e+01 1.220440673828125000e+01 1.189083862304687500e+01
1.026255035400390625e+01 1.016288280487060547e+01 1.013165664672851562e+01 1.019258689880371094e+01 1.023105525970458984e+01 1.023105525970458984e+01 1.023105525970458984e+01 1.020753574371337891e+01 1.020753574371337891e+01 1.020753574371337891e+01 1.022241783142089844e+01
1.003143024444580078e+01 8.437372207641601562e+00 8.271638870239257812e+00 8.488117218017578125e+00 8.130026817321777344e+00 8.395597457885742188e+00 8.332709312438964844e+00 8.404037475585937500e+00 8.188928604125976562e+00 8.247982025146484375e+00 8.377720832824707031e+00
8.821932792663574219e+00 7.723734855651855469e+00 6.854829788208007812e+00 6.213737487792968750e+00 5.633677005767822266e+00 5.205686092376708984e+00 4.887251853942871094e+00 4.843533515930175781e+00 4.561944484710693359e+00 4.317497730255126953e+00 3.834305524826049805e+00
7.976198196411132812e+00 6.380726337432861328e+00 5.420581340789794922e+00 7.197759628295898438e+00 5.449752807617187500e+00 3.177781820297241211e+00 4.192245960235595703e+00 4.924462318420410156e+00 5.306711196899414062e+00 4.394560337066650391e+00 6.014210224151611328e+00
1.392991733551025391e+01 1.491617965698242188e+01 1.357691383361816406e+01 1.262346744537353516e+01 1.021264457702636719e+01 9.668494224548339844e+00 9.124341964721679688e+00 9.377329826354980469e+00 8.423774719238281250e+00 8.544811248779296875e+00 8.758974075317382812e+00
9.122821807861328125e+00 8.930043220520019531e+00 8.963389396667480469e+00 8.931046485900878906e+00 8.921396255493164062e+00 8.907805442810058594e+00 8.894324302673339844e+00 8.979346275329589844e+00 8.869791030883789062e+00 8.929941177368164062e+00 8.898382186889648438e+00
9.071372032165527344e+00 9.149526596069335938e+00 9.199000358581542969e+00 9.225009918212890625e+00 9.314210891723632812e+00 9.327781677246093750e+00 9.325261116027832031e+00 9.367797851562500000e+00 9.352370262145996094e+00 9.399198532104492188e+00 9.433953285217285156e+00
