0.000000000000000000e+00 0.000000000000000000e+00 0.000000000000000000e+00 0.000000000000000000e+00 0.000000000000000000e+00 0.000000000000000000e+00 0.000000000000000000e+00 0.000000000000000000e+00 0.000000000000000000e+00 0.000000000000000000e+00 0.000000000000000000e+00
2.757510423660278320e+00 6.969931125640869141e-01 5.983769893646240234e-01 5.228393077850341797e-01 5.568614006042480469e-01 5.048956871032714844e-01 5.187335014343261719e-01 4.207661151885986328e-01 5.173304080963134766e-01 4.684402942657470703e-01 5.378205776214599609e-01
1.749098896980285645e+00 1.697861909866333008e+00 1.646141171455383301e+00 1.560616850852966309e+00 1.596551656723022461e+00 1.507917165756225586e+00 1.479794859886169434e+00 1.511611700057983398e+00 1.420769453048706055e+00 1.479687571525573730e+00 1.408309340476989746e+00
4.966757774353027344e+00 4.965316772460937500e+00 4.948234558105468750e+00 5.076616287231445312e+00 5.054151535034179688e+00 5.054151535034179688e+00 5.054151535034179688e+00 5.008482933044433594e+00 5.008482933044433594e+00 5.008482933044433594e+00 4.997462272644042969e+00
1.954046010971069336e+00 3.161455392837524414e+00 3.068186521530151367e+00 3.206115484237670898e+00 2.960298776626586914e+00 3.273502588272094727e+00 3.092351198196411133e+00 3.499238729476928711e+00 3.137668132781982422e+00 3.130016565322875977e+00 3.380034923553466797e+00
4.463183403015136719e+00 4.280445575714111328e+00 4.238200187683105469e+00 3.938471555709838867e+00 4.025336265563964844e+00 3.868411540985107422e+00 3.868609666824340820e+00 3.708157300949096680e+00 3.688949584960937500e+00 3.557205915451049805e+00 3.750264406204223633e+00
4.463664054870605469e+00 6.196159362792968750e+00 5.746137619018554688e+00 2.302081823348999023e+00 4.107501983642578125e+00 5.679926395416259766e+00 2.101438283920288086e+00 5.666646003723144531e+00 1.070475339889526367e+00 3.340697526931762695e+00 2.858664751052856445e+00
2.811297178268432617e+00 2.808325529098510742e+00 2.834995031356811523e+00 2.812383413314819336e+00 2.791789293289184570e+00 2.758603334426879883e+00 2.759315729141235352e+00 2.804257154464721680e+00 2.740296125411987305e+00 2.720099687576293945e+00 2.749151468276977539e+00
3.769571065902709961e+00 3.819602251052856445e+00 4.016731262207031250e+00 4.123949050903320312e+00 4.218232154846191406e+00 4.297373771667480469e+00 4.436247825622558594e+00 4.505288124084472656e+00 4.579107284545898438e+00 4.665177345275878906e+00 4.656501770019531250e+00
2.261218786239624023e+00 2.258561849594116211e+00 2.285654306411743164e+00 2.339394092559814453e+00 2.362742900848388672e+00 2.394009351730346680e+00 2.403174638748168945e+00 2.410419464111328125e+00 2.440422773361206055e+00 2.447875261306762695e+00 2.447229385375976562e+00
