0.000000000000000000e+00 0.000000000000000000e+00 0.000000000000000000e+00 0.000000000000000000e+00 0.000000000000000000e+00 0.000000000000000000e+00 0.000000000000000000e+00 0.000000000000000000e+00 0.000000000000000000e+00 0.000000000000000000e+00 0.000000000000000000e+00
8.425314903259277344e+00 5.734701156616210938e+00 5.481971263885498047e+00 5.231791019439697266e+00 5.341689109802246094e+00 5.117469310760498047e+00 5.164876937866210938e+00 4.842864036560058594e+00 5.195028781890869141e+00 5.025817394256591797e+00 5.380397319793701172e+00
1.219450950622558594e+01 1.249530506134033203e+01 1.227591896057128906e+01 1.207846260070800781e+01 1.250471305847167969e+01 1.217353820800781250e+01 1.227451133728027344e+01 1.244431304931640625e+01 1.185281562805175781e+01 1.225163841247558594e+01 1.191951370239257812e+01
1.053907108306884766e+01 1.044018077850341797e+01 1.041169166564941406e+01 1.047667503356933594e+01 1.051281166076660156e+01 1.051281166076660156e+01 1.051281166076660156e+01 1.048470211029052734e+01 1.048470211029052734e+01 1.048470211029052734e+01 1.050079536437988281e+01
1.020676612854003906e+01 1.000288391113281250e+01 1.007436275482177734e+01 1.038724327087402344e+01 1.008165454864501953e+01 1.043668270111083984e+01 1.017243289947509766e+01 1.055706977844238281e+01 1.022095775604248047e+01 1.027039718627929688e+01 1.039938354492187500e+01
1.042790412902832031e+01 1.047419738769531250e+01 1.035839843750000000e+01 1.018617439270019531e+01 1.028640651702880859e+01 1.013465595245361328e+01 1.014550113677978516e+01 1.013329219818115234e+01 1.006922912597656250e+01 9.968622207641601562e+00 1.017057991027832031e+01
1.024992847442626953e+01 1.132453250885009766e+01 1.069918441772460938e+01 7.980602741241455078e+00 9.626851081848144531e+00 1.069260501861572266e+01 7.859532833099365234e+00 1.071164321899414062e+01 5.923118591308593750e+00 8.876638412475585938e+00 8.659340858459472656e+00
1.408396720886230469e+01 1.505371570587158203e+01 1.373951148986816406e+01 1.280508995056152344e+01 1.044449615478515625e+01 9.909278869628906250e+00 9.384234428405761719e+00 9.634880065917968750e+00 8.709334373474121094e+00 8.815153121948242188e+00 9.031362533569335938e+00
9.776211738586425781e+00 1.001390743255615234e+01 1.009595489501953125e+01 9.932818412780761719e+00 1.028071308135986328e+01 9.920661926269531250e+00 1.024749660491943359e+01 1.019719886779785156e+01 1.027465057373046875e+01 1.015630054473876953e+01 1.007069206237792969e+01
9.441451072692871094e+00 9.501360893249511719e+00 9.573344230651855469e+00 9.634333610534667969e+00 9.639584541320800781e+00 9.723851203918457031e+00 9.679086685180664062e+00 9.676236152648925781e+00 9.743554115295410156e+00 9.768381118774414062e+00 9.775494575500488281e+00
